1	 0,004586923466801824
2	 0,16159802492251057
3	 0,30847313116632025
4	 0,37921343516896766
5	 0,39354410212351687
6	 0,44357794914635174
7	 0,31247978709146995
8	 0,48261859748394764
9	 0,4619923567536136
10	 0,540437789398299
11	 0,4513757747996879
12	 0,4647500033443183
13	 0,5051627045262361
14	 0,5276955498276454
15	 0,5251668356352498
16	 0,5656345209277099
17	 0,592660551161673
18	 0,5592580750977799
19	 0,5882721695768487
20	 0,6076777976468791
21	 0,594223231098139
22	 0,5858502375555659
23	 0,5786609761238433
24	 0,6024553662945521
25	 0,606923380265234
26	 0,6050013016089115
27	 0,6091253550215978
28	 0,6127122462739305
29	 0,604565624415242
30	 0,6149813691106111
31	 0,6246510363548389
32	 0,6262152847150705
33	 0,6156106564573933
34	 0,6178505908867352
35	 0,6100298831517531
36	 0,6345551339037383
37	 0,6247552688698961
38	 0,6241902174913332
39	 0,6274222398139426
40	 0,6258044987380585
41	 0,6212198107508948
42	 0,619710177379766
43	 0,6211204229880579
44	 0,6165753593495495
45	 0,6310910719061495
46	 0,6225410007219256
47	 0,6231549196344928
48	 0,629903499259958
49	 0,6301312429373997
50	 0,6314537894271983
51	 0,6297637525963965
52	 0,6377326812016039
53	 0,6335924456132018
54	 0,6353304541759152
55	 0,6275735542448224
56	 0,638936910419597
57	 0,6290323661207922
58	 0,6290830954555326
59	 0,6310399100736465
60	 0,6284038012601431
61	 0,6321804578152769
62	 0,6306296492689147
63	 0,6262604674720199
64	 0,6279125071026352
65	 0,6330967589432993
66	 0,6267876325010657
67	 0,6241840015883328
68	 0,6309450635617099
69	 0,6278611195492861
70	 0,6372658903567079
71	 0,6263062207554537
72	 0,6236578147494551
73	 0,6262027656821862
74	 0,6371236260467001
75	 0,6268874197853745
76	 0,6296314552132549
77	 0,6413011437487974
78	 0,6371924636032026
79	 0,6310297324664004
80	 0,6236535455395613
81	 0,6308496184850451
82	 0,6304398835994385
83	 0,6377037603500882
84	 0,6365265899880994
85	 0,6316723038821899
86	 0,6289874929728387
87	 0,6418955642588285
88	 0,6348612423257034
89	 0,6384179591083279
90	 0,6275231263827464
91	 0,6357417124987834
92	 0,6287092738394492
93	 0,6383085457331182
94	 0,6359781515704277
95	 0,633983035750485
96	 0,6265945339802738
97	 0,6342036968892593
98	 0,6330804646933483
99	 0,6358119602048562
100	 0,6356175695956814
101	 0,6297569093081861
102	 0,63569796925079
103	 0,6441074804282403
104	 0,6379604093422901
105	 0,6281607874145163
106	 0,6385910378701473
107	 0,6374908225814805
108	 0,6307609103502998
109	 0,6415799579147609
110	 0,6389321226231658
111	 0,6330947755366422
112	 0,6355851717624438
113	 0,6317087882560506
114	 0,634088765216995
115	 0,6312493040518301
116	 0,6270184976928699
117	 0,6342114037181726
118	 0,6312066717861016
119	 0,6380193378980782
120	 0,6343938880922197
121	 0,6263367070714769
122	 0,6298487216122165
123	 0,6399313774974471
124	 0,6409054273767845
125	 0,6354747529389916
126	 0,6400933780225971
127	 0,6386680806117448
128	 0,6320970623433504
129	 0,6369545990350652
130	 0,6405363345345045
131	 0,641548829200695
132	 0,6366589503608712
133	 0,628535134696002
134	 0,6331989958390996
135	 0,6271265992797177
136	 0,6295486225689018
137	 0,639025700255271
138	 0,6491982097030939
139	 0,6363362601732244
140	 0,6388006425149909
141	 0,6292909347277535
142	 0,6330071401129106
143	 0,6395655835984362
144	 0,6377359005669748
145	 0,6308162867744807
146	 0,6288318925496675
147	 0,629200841200958
148	 0,6306787554455379
149	 0,6352227995794602
150	 0,6283223595840058
151	 0,6310874530681316
152	 0,63603123573362
153	 0,6317518502948706
154	 0,6267614911416896
155	 0,6346457667882629
156	 0,6433591310380394
157	 0,6205498121164829
158	 0,6335741989548753
159	 0,6391050073508336
160	 0,6355595817628007
161	 0,6312586489056577
162	 0,6486653848886543
163	 0,6396192419109042
164	 0,6371155664460898
165	 0,6343506444598375
166	 0,6357663612653031
167	 0,6332368726514593
168	 0,6374084166700477
169	 0,6389053227740904
170	 0,6375590224566362
171	 0,6364806479373815
172	 0,6359455074649502
173	 0,6375750602088007
174	 0,6351840284867954
175	 0,6344295898376038
176	 0,6388966046474688
177	 0,6492989020649944
178	 0,6344362940429817
179	 0,6356864656290646
180	 0,6329315832865473
181	 0,6384171343824454
182	 0,6438081409935974
183	 0,6345718213223638
184	 0,6329490262881832
185	 0,6365712461128198
186	 0,6314984094573427
187	 0,6421409081565776
188	 0,6349859409027634
189	 0,6391624618611547
190	 0,6356823107769157
191	 0,6360949836366994
192	 0,6329551445830472
193	 0,6337459700031742
194	 0,6334890123565482
195	 0,64867417381875
196	 0,6359968115216179
197	 0,6281691814096996
198	 0,6299855399922464
199	 0,6347106237406065
