1	 0,1368331708831864
2	 0,004343408686817374
3	 0,13423906632067467
4	 0,445929017534742
5	 0,40463832037373076
6	 0,35470791269435886
7	 0,30204088968215714
8	 0,29472029663533067
9	 0,3657087589638194
10	 0,48693853443948926
11	 0,522360817638326
12	 0,578450765257362
13	 0,5670491049275652
14	 0,5141212297785572
15	 0,5580899317789098
16	 0,5798686426230185
17	 0,567671475668809
18	 0,5938947130554108
19	 0,5516295885246268
20	 0,5502139594386801
21	 0,6066304739980335
22	 0,5840333244968281
23	 0,6141760256812432
24	 0,6125371601848641
25	 0,6119841420413128
26	 0,6181181017705459
27	 0,6196058269097486
28	 0,6138994825380107
29	 0,6046489061446947
30	 0,6329995671408003
31	 0,6061342706966668
32	 0,6198627098783407
33	 0,6207809252792318
34	 0,6237000154299649
35	 0,6210015147236174
36	 0,6171851316045656
37	 0,6292377089800241
38	 0,6114227840804892
39	 0,6115497956428794
40	 0,6165885882093567
41	 0,625504125395007
42	 0,6266282114133647
43	 0,6164024101781286
44	 0,6281074541003833
45	 0,6253054334151997
46	 0,6253152870587687
47	 0,6186623197105573
48	 0,620577607559617
49	 0,6188715240114395
50	 0,6184012454471152
51	 0,6248067326181539
52	 0,6098948174589183
53	 0,6168074618382008
54	 0,6245967467259136
55	 0,6297023707455961
56	 0,6262934340188188
57	 0,6301899269333845
58	 0,6234145131682365
59	 0,6329540463393619
60	 0,6187668053397074
61	 0,624668132947677
62	 0,6261654021842237
63	 0,6248377641568658
64	 0,6236746337399479
65	 0,6226668219521241
66	 0,6152677780201927
67	 0,6292057015936952
68	 0,6324824687126231
69	 0,6344019429739689
